2.108430041152263357e+02 0.000000000000000000e+00 2.590967078189300565e+01
2.092886316872427983e+02 0.000000000000000000e+00 2.555473251028806558e+01
2.089349279835390973e+02 0.000000000000000000e+00 2.508482510288065725e+01
2.086678497942386912e+02 0.000000000000000000e+00 2.446352880658436391e+01
2.085575617283950578e+02 0.000000000000000000e+00 2.430884773662551268e+01
2.125030349794238589e+02 0.000000000000000000e+00 2.540010288065843724e+01
2.130688271604938393e+02 0.000000000000000000e+00 2.577505144032921791e+01
2.132986111111111143e+02 0.000000000000000000e+00 2.607916666666666572e+01
2.135215020576131622e+02 0.000000000000000000e+00 2.570123456790123484e+01
2.132865740740740819e+02 0.000000000000000000e+00 2.639351851851851904e+01
2.132390946502057716e+02 0.000000000000000000e+00 2.616954732510287940e+01
2.131850308641975289e+02 0.000000000000000000e+00 2.617422839506172849e+01
2.131226337448559605e+02 0.000000000000000000e+00 2.614866255144032792e+01
2.131804012345679098e+02 0.000000000000000000e+00 2.632037037037036953e+01
2.131847222222222342e+02 0.000000000000000000e+00 2.625663580246913753e+01
2.136451646090534950e+02 0.000000000000000000e+00 2.599408436213991891e+01
2.135951646090535121e+02 0.000000000000000000e+00 2.604614197530864317e+01
2.131626543209876559e+02 0.000000000000000000e+00 2.580066872427983427e+01
2.131509773662551481e+02 0.000000000000000000e+00 2.617381687242798449e+01
2.131610596707818956e+02 0.000000000000000000e+00 2.588168724279835331e+01
2.132808127572016588e+02 0.000000000000000000e+00 2.571198559670781947e+01
2.130504629629629676e+02 0.000000000000000000e+00 2.590997942386831099e+01
2.128411008230452808e+02 0.000000000000000000e+00 2.609675925925925810e+01
2.127666152263374499e+02 0.000000000000000000e+00 2.641409465020576164e+01
2.126579218106995768e+02 0.000000000000000000e+00 2.605673868312757335e+01
2.126508744855967166e+02 0.000000000000000000e+00 2.610648148148148096e+01
2.128847222222222229e+02 0.000000000000000000e+00 2.606507201646090621e+01
2.127736625514403386e+02 0.000000000000000000e+00 2.601126543209876374e+01
2.126872427983539069e+02 0.000000000000000000e+00 2.576481481481481595e+01
2.125606481481481467e+02 0.000000000000000000e+00 2.532484567901234485e+01
2.124677983539094726e+02 0.000000000000000000e+00 2.546882716049382722e+01
2.126342592592592666e+02 0.000000000000000000e+00 2.579120370370370452e+01
2.126818930041152385e+02 0.000000000000000000e+00 2.603544238683127432e+01
2.127200617283950521e+02 0.000000000000000000e+00 2.599372427983539069e+01
2.127436213991769591e+02 0.000000000000000000e+00 2.603549382716049365e+01
2.126606995884773710e+02 0.000000000000000000e+00 2.225529835390946332e+01
2.125724279835390860e+02 0.000000000000000000e+00 2.101538065843621439e+01
2.127995884773662567e+02 0.000000000000000000e+00 2.086466049382715937e+01
2.127900205761316954e+02 0.000000000000000000e+00 2.074367283950617136e+01
2.129915637860082427e+02 0.000000000000000000e+00 2.062808641975308532e+01
2.129679526748971057e+02 0.000000000000000000e+00 2.083317901234567771e+01
2.130969135802469054e+02 0.000000000000000000e+00 2.093281893004115091e+01
2.133655864197531002e+02 0.000000000000000000e+00 2.044578189300411353e+01
2.134261316872427869e+02 0.000000000000000000e+00 2.107129629629629619e+01
2.133174897119341438e+02 0.000000000000000000e+00 2.136424897119341537e+01
2.132287037037037010e+02 0.000000000000000000e+00 2.169809670781893018e+01
2.132734053497942455e+02 0.000000000000000000e+00 2.207520576131687307e+01
2.133033950617283949e+02 0.000000000000000000e+00 2.220920781893003948e+01
2.134092592592592723e+02 0.000000000000000000e+00 2.245051440329218195e+01
2.133596193415637856e+02 0.000000000000000000e+00 2.258369341563786037e+01
2.132703189300411566e+02 0.000000000000000000e+00 2.289778806584362059e+01
2.131277263374485642e+02 0.000000000000000000e+00 2.323240740740740762e+01
2.130325102880658505e+02 0.000000000000000000e+00 2.344053497942386954e+01
2.131358024691357969e+02 0.000000000000000000e+00 2.351249999999999929e+01
2.130706275720164626e+02 0.000000000000000000e+00 2.357376543209876374e+01
2.130205246913580197e+02 0.000000000000000000e+00 2.394063786008230466e+01
2.131089506172839378e+02 0.000000000000000000e+00 2.391152263374485543e+01
2.132442386831275769e+02 0.000000000000000000e+00 2.409171810699588434e+01
2.129865740740740705e+02 0.000000000000000000e+00 2.392232510288065939e+01
2.129757201646090436e+02 0.000000000000000000e+00 2.394207818930041043e+01
2.130741769547325077e+02 0.000000000000000000e+00 2.377417695473251058e+01
2.130169753086419746e+02 0.000000000000000000e+00 2.431008230452674823e+01
2.131357510288065953e+02 0.000000000000000000e+00 2.430823045267489846e+01
2.132592592592592666e+02 0.000000000000000000e+00 2.443744855967078067e+01
2.132295267489711819e+02 0.000000000000000000e+00 2.470190329218106839e+01
2.131004629629629505e+02 0.000000000000000000e+00 2.463827160493827151e+01
2.131557613168724288e+02 0.000000000000000000e+00 2.415396090534979479e+01
2.130726851851851791e+02 0.000000000000000000e+00 2.455360082304526870e+01
2.130346193415637970e+02 0.000000000000000000e+00 2.508276748971193371e+01
2.130984567901234641e+02 0.000000000000000000e+00 2.542386831275720027e+01
2.129519547325103019e+02 0.000000000000000000e+00 2.553503086419753032e+01
2.130526234567901156e+02 0.000000000000000000e+00 2.544279835390946332e+01
2.131434670781893033e+02 0.000000000000000000e+00 2.597196502057613188e+01
2.129809156378600790e+02 0.000000000000000000e+00 2.613436213991769463e+01
2.130472222222222172e+02 0.000000000000000000e+00 2.638209876543209731e+01
2.130227880658436277e+02 0.000000000000000000e+00 2.637155349794238646e+01
2.130732510288065953e+02 0.000000000000000000e+00 2.626748971193415727e+01
2.130749485596707871e+02 0.000000000000000000e+00 2.638580246913580396e+01
2.127998971193415514e+02 0.000000000000000000e+00 2.639773662551440481e+01
2.128715020576131565e+02 0.000000000000000000e+00 2.676718106995884838e+01
2.128134773662551424e+02 0.000000000000000000e+00 2.684223251028806700e+01
2.125986111111110972e+02 0.000000000000000000e+00 2.693040123456790269e+01
2.127586419753086489e+02 0.000000000000000000e+00 2.720066872427983640e+01
2.125099794238683160e+02 0.000000000000000000e+00 2.751712962962962905e+01
2.123010288065843554e+02 0.000000000000000000e+00 2.713667695473251129e+01
2.123934156378600733e+02 0.000000000000000000e+00 2.709290123456790056e+01
2.125667695473250944e+02 0.000000000000000000e+00 2.711229423868312693e+01
2.126790123456790127e+02 0.000000000000000000e+00 2.754279835390946474e+01
2.121750514403292129e+02 0.000000000000000000e+00 2.713734567901234485e+01
2.123399176954732468e+02 0.000000000000000000e+00 2.709984567901234698e+01
2.124150205761316954e+02 0.000000000000000000e+00 2.723971193415637870e+01
2.124326646090534894e+02 0.000000000000000000e+00 2.705545267489711847e+01
2.123254115226337433e+02 0.000000000000000000e+00 2.722860082304526586e+01
2.120244855967078195e+02 0.000000000000000000e+00 2.704233539094650141e+01
2.120136316872427926e+02 0.000000000000000000e+00 2.681440329218106911e+01
2.117594135802468998e+02 0.000000000000000000e+00 2.706646090534979265e+01
2.119294238683127674e+02 0.000000000000000000e+00 2.718220164609053668e+01
2.121647633744856023e+02 0.000000000000000000e+00 2.695262345679012483e+01
2.121564300411522765e+02 0.000000000000000000e+00 2.693045267489711847e+01
2.120831790123456813e+02 0.000000000000000000e+00 2.726527777777777928e+01
2.121607510288065725e+02 0.000000000000000000e+00 2.725000000000000000e+01
2.120879115226337319e+02 0.000000000000000000e+00 2.726404320987654373e+01
2.118974794238683046e+02 0.000000000000000000e+00 2.726733539094650283e+01
2.118436728395061834e+02 0.000000000000000000e+00 2.715252057613168901e+01
2.119734567901234641e+02 0.000000000000000000e+00 2.725560699588477220e+01
2.119637860082304428e+02 0.000000000000000000e+00 2.713626543209876374e+01
2.119367283950617207e+02 0.000000000000000000e+00 2.702427983539094569e+01
2.119911008230452580e+02 0.000000000000000000e+00 2.707551440329218195e+01
2.118544753086419803e+02 0.000000000000000000e+00 2.699274691358024825e+01
2.117074074074074019e+02 0.000000000000000000e+00 2.711028806584362272e+01
2.118371399176954810e+02 0.000000000000000000e+00 2.687422839506172778e+01
2.117353395061728349e+02 0.000000000000000000e+00 2.726337448559670662e+01
2.116943415637859971e+02 0.000000000000000000e+00 2.740910493827160366e+01
2.117518518518518533e+02 0.000000000000000000e+00 2.704212962962963118e+01
2.116994855967078308e+02 0.000000000000000000e+00 2.680262345679012270e+01
2.118103395061728520e+02 0.000000000000000000e+00 2.732139917695473130e+01
2.119322530864197631e+02 0.000000000000000000e+00 2.759881687242798520e+01
2.119648662551440452e+02 0.000000000000000000e+00 2.733847736625514457e+01
2.120396090534979407e+02 0.000000000000000000e+00 2.731280864197530889e+01
2.120224794238683046e+02 0.000000000000000000e+00 2.747422839506172920e+01
2.128025205761316840e+02 0.000000000000000000e+00 2.764439300411522638e+01
2.128614711934156389e+02 0.000000000000000000e+00 2.785298353909465163e+01
2.128933127572016417e+02 0.000000000000000000e+00 2.779202674897119252e+01
2.128776748971193342e+02 0.000000000000000000e+00 2.762746913580246755e+01
2.127956790123456869e+02 0.000000000000000000e+00 2.780041152263374471e+01
2.124498971193415571e+02 0.000000000000000000e+00 2.782196502057613330e+01
2.125243827160493879e+02 0.000000000000000000e+00 2.760889917695473272e+01
2.126276234567901326e+02 0.000000000000000000e+00 2.833374485596707970e+01
2.124049897119341495e+02 0.000000000000000000e+00 2.832654320987654373e+01
2.122246399176954696e+02 0.000000000000000000e+00 2.791980452674897251e+01
2.122378086419753060e+02 0.000000000000000000e+00 2.807860082304526728e+01
2.122298868312757065e+02 0.000000000000000000e+00 2.838266460905349930e+01
2.122483539094650098e+02 0.000000000000000000e+00 2.801738683127571861e+01
2.122353909465020649e+02 0.000000000000000000e+00 2.821980452674896966e+01
2.121488168724279717e+02 0.000000000000000000e+00 2.851795267489712060e+01
2.121620370370370381e+02 0.000000000000000000e+00 2.867145061728395206e+01
2.121559670781892919e+02 0.000000000000000000e+00 2.897654320987654231e+01
2.120704732510288011e+02 0.000000000000000000e+00 2.847484567901234698e+01
2.119636316872428097e+02 0.000000000000000000e+00 2.833137860082304371e+01
2.121195473251028716e+02 0.000000000000000000e+00 2.836970164609053668e+01
2.120550411522633851e+02 0.000000000000000000e+00 2.845756172839506348e+01
2.120494855967078252e+02 0.000000000000000000e+00 2.827325102880658392e+01
2.120560185185185276e+02 0.000000000000000000e+00 2.840416666666666501e+01
2.120045267489711875e+02 0.000000000000000000e+00 2.854711934156378561e+01
2.122189300411522765e+02 0.000000000000000000e+00 2.891599794238683074e+01
2.122263374485596614e+02 0.000000000000000000e+00 2.863076131687242665e+01
2.126577160493827137e+02 0.000000000000000000e+00 2.853605967078189209e+01
2.126832818930041071e+02 0.000000000000000000e+00 2.834567901234568055e+01
2.127241255144032834e+02 0.000000000000000000e+00 2.855560699588477291e+01
2.119906893004115318e+02 0.000000000000000000e+00 2.820534979423868194e+01
2.120898662551440452e+02 0.000000000000000000e+00 2.781795267489711776e+01
2.123695987654321016e+02 0.000000000000000000e+00 2.821445473251028702e+01
2.125521090534979294e+02 0.000000000000000000e+00 2.821167695473251058e+01
2.124560185185185048e+02 0.000000000000000000e+00 2.790658436213991678e+01
2.124093621399177039e+02 0.000000000000000000e+00 2.794938271604938151e+01
2.125632201646090493e+02 0.000000000000000000e+00 2.791831275720164740e+01
2.126178497942386798e+02 0.000000000000000000e+00 2.812489711934156489e+01
2.126483024691358139e+02 0.000000000000000000e+00 2.818899176954732511e+01
2.127575102880658449e+02 0.000000000000000000e+00 2.801193415637860085e+01
2.124225308641975403e+02 0.000000000000000000e+00 2.783261316872427926e+01
2.129598251028806715e+02 0.000000000000000000e+00 2.767952674897119181e+01
2.134173353909465050e+02 0.000000000000000000e+00 2.782731481481481595e+01
2.136078189300411623e+02 0.000000000000000000e+00 2.810776748971193584e+01
2.136711419753086432e+02 0.000000000000000000e+00 2.802875514403292101e+01
2.135447530864197461e+02 0.000000000000000000e+00 2.787844650205761354e+01
2.136730967078189281e+02 0.000000000000000000e+00 2.794583333333333286e+01
2.137175411522633794e+02 0.000000000000000000e+00 2.814454732510288082e+01
2.139144032921810776e+02 0.000000000000000000e+00 2.799315843621399225e+01
2.140492798353909336e+02 0.000000000000000000e+00 2.801934156378600704e+01
2.142342592592592609e+02 0.000000000000000000e+00 2.865617283950617278e+01
2.141498456790123441e+02 0.000000000000000000e+00 2.821815843621399011e+01
2.138913065843621268e+02 0.000000000000000000e+00 2.814264403292181171e+01
2.138596707818930156e+02 0.000000000000000000e+00 2.807299382716049507e+01
2.140065843621399040e+02 0.000000000000000000e+00 2.849135802469135825e+01
2.142323045267489761e+02 0.000000000000000000e+00 2.836095679012345627e+01
2.142885802469135683e+02 0.000000000000000000e+00 2.840802469135802610e+01
2.141636831275720283e+02 0.000000000000000000e+00 2.870756172839506348e+01
2.143141460905349902e+02 0.000000000000000000e+00 2.844068930041152399e+01
2.144471193415637913e+02 0.000000000000000000e+00 2.840118312757201480e+01
2.144366769547325191e+02 0.000000000000000000e+00 2.848348765432098872e+01
2.147160493827160508e+02 0.000000000000000000e+00 2.873029835390946474e+01
2.146531893004115261e+02 0.000000000000000000e+00 2.840339506172839634e+01
2.147840534979423808e+02 0.000000000000000000e+00 2.837870370370370310e+01
2.149037037037037123e+02 0.000000000000000000e+00 2.834588477366255077e+01
2.150331275720164683e+02 0.000000000000000000e+00 2.855452674897119181e+01
2.152274691358024654e+02 0.000000000000000000e+00 2.863744855967078351e+01
2.148924382716049308e+02 0.000000000000000000e+00 2.843395061728395135e+01
2.149067386831275712e+02 0.000000000000000000e+00 2.858024691358024683e+01
2.148866769547325077e+02 0.000000000000000000e+00 2.837371399176954867e+01
2.150185699588477348e+02 0.000000000000000000e+00 2.875226337448559732e+01
2.147999485596707814e+02 0.000000000000000000e+00 2.848065843621399296e+01
2.148533950617284063e+02 0.000000000000000000e+00 2.860092592592592453e+01
2.148526234567901270e+02 0.000000000000000000e+00 2.886697530864197603e+01
2.149634773662551481e+02 0.000000000000000000e+00 2.885246913580246897e+01
2.149444958847736586e+02 0.000000000000000000e+00 2.903312757201646122e+01
2.148033950617283949e+02 0.000000000000000000e+00 2.925519547325102820e+01
2.147996913580246883e+02 0.000000000000000000e+00 2.881018518518518690e+01
2.148962448559670690e+02 0.000000000000000000e+00 2.854578189300411495e+01
2.146931584362139915e+02 0.000000000000000000e+00 2.838554526748971085e+01
2.147518004115226233e+02 0.000000000000000000e+00 2.866908436213991607e+01
2.148738683127571960e+02 0.000000000000000000e+00 2.906723251028806487e+01
2.149359567901234698e+02 0.000000000000000000e+00 2.916687242798353807e+01
2.150728395061728406e+02 0.000000000000000000e+00 2.914207818930041327e+01
2.148645061728394978e+02 0.000000000000000000e+00 2.873312757201646050e+01
2.147553497942386969e+02 0.000000000000000000e+00 2.845190329218106839e+01
2.146051440329217996e+02 0.000000000000000000e+00 2.864948559670781947e+01
2.145917695473251001e+02 0.000000000000000000e+00 2.881553497942386954e+01
2.146504115226337319e+02 0.000000000000000000e+00 2.904146090534979407e+01
2.146034979423868378e+02 0.000000000000000000e+00 2.895010288065843795e+01
2.147634773662551311e+02 0.000000000000000000e+00 2.894197530864197532e+01
2.148015432098765416e+02 0.000000000000000000e+00 2.897433127572016431e+01
2.148882716049382680e+02 0.000000000000000000e+00 2.894429012345678842e+01
2.149005144032921919e+02 0.000000000000000000e+00 2.908220164609053526e+01
2.149885288065843554e+02 0.000000000000000000e+00 2.887566872427983711e+01
2.149427469135802369e+02 0.000000000000000000e+00 2.881111111111111001e+01
2.148413580246913455e+02 0.000000000000000000e+00 2.862659465020576022e+01
2.148923868312757293e+02 0.000000000000000000e+00 2.906610082304526799e+01
2.147207818930041014e+02 0.000000000000000000e+00 2.889176954732510438e+01
2.148048353909464936e+02 0.000000000000000000e+00 2.910205761316872497e+01
2.148621913580246883e+02 0.000000000000000000e+00 2.889110082304526728e+01
2.146540123456790070e+02 0.000000000000000000e+00 2.903009259259259167e+01
2.149196502057613145e+02 0.000000000000000000e+00 2.874562757201645979e+01
2.151776748971193456e+02 0.000000000000000000e+00 2.873580246913580183e+01
2.152051954732510239e+02 0.000000000000000000e+00 2.853076131687242878e+01
2.152675411522633624e+02 0.000000000000000000e+00 2.843780864197530889e+01
2.154065843621399097e+02 0.000000000000000000e+00 2.862921810699588576e+01
2.154126028806584259e+02 0.000000000000000000e+00 2.865488683127572145e+01
2.154969135802469111e+02 0.000000000000000000e+00 2.893153292181069958e+01
2.156432098765432102e+02 0.000000000000000000e+00 2.908544238683127503e+01
2.154400720164609027e+02 0.000000000000000000e+00 2.904958847736625671e+01
2.153279320987654444e+02 0.000000000000000000e+00 2.866388888888888786e+01
2.152423353909464936e+02 0.000000000000000000e+00 2.867577160493827293e+01
2.151671296296296418e+02 0.000000000000000000e+00 2.880318930041152115e+01
2.152114197530864317e+02 0.000000000000000000e+00 2.896502057613168901e+01
2.151780864197531002e+02 0.000000000000000000e+00 2.922582304526748942e+01
2.152050925925925924e+02 0.000000000000000000e+00 2.929444444444444429e+01
2.151722222222222172e+02 0.000000000000000000e+00 2.925756172839506064e+01
2.152975308641975403e+02 0.000000000000000000e+00 2.893652263374485756e+01
2.151991255144033062e+02 0.000000000000000000e+00 2.860725308641975317e+01
2.152617798353909393e+02 0.000000000000000000e+00 2.894115226337448732e+01
2.157444444444444400e+02 0.000000000000000000e+00 2.938261316872427997e+01
2.155172325102880677e+02 0.000000000000000000e+00 2.895534979423868194e+01
2.155726851851851791e+02 0.000000000000000000e+00 2.897386831275720098e+01
2.156400720164608913e+02 0.000000000000000000e+00 2.889068930041152328e+01
2.156677983539094612e+02 0.000000000000000000e+00 2.893662551440329267e+01
2.154227366255144034e+02 0.000000000000000000e+00 2.918055555555555713e+01
2.154214506172839378e+02 0.000000000000000000e+00 2.883796296296296191e+01
2.152627057613168802e+02 0.000000000000000000e+00 2.848930041152263470e+01
2.151896090534979464e+02 0.000000000000000000e+00 2.846291152263374613e+01
2.152632201646090664e+02 0.000000000000000000e+00 2.874284979423868336e+01
2.150498971193415514e+02 0.000000000000000000e+00 2.846213991769547391e+01
2.150155349794238759e+02 0.000000000000000000e+00 2.839393004115226304e+01
2.150487139917695458e+02 0.000000000000000000e+00 2.841944444444444429e+01
2.152234053497942341e+02 0.000000000000000000e+00 2.829542181069958673e+01
2.151506172839506235e+02 0.000000000000000000e+00 2.813780864197530818e+01
2.148703189300411509e+02 0.000000000000000000e+00 2.857818930041152328e+01
2.149213477366255063e+02 0.000000000000000000e+00 2.859315843621399011e+01
2.149483024691357969e+02 0.000000000000000000e+00 2.838991769547325106e+01
2.149340020576131565e+02 0.000000000000000000e+00 2.819192386831275599e+01
2.149819444444444514e+02 0.000000000000000000e+00 2.855036008230452538e+01
2.149270576131687278e+02 0.000000000000000000e+00 2.871646090534979479e+01
2.146762345679012469e+02 0.000000000000000000e+00 2.828508230452674965e+01
2.146315329218107024e+02 0.000000000000000000e+00 2.832746913580247039e+01
2.147600823045267475e+02 0.000000000000000000e+00 2.877854938271605079e+01
2.150047839506172807e+02 0.000000000000000000e+00 2.871954732510288011e+01
2.149687242798353850e+02 0.000000000000000000e+00 2.888436213991769463e+01
2.149323045267489647e+02 0.000000000000000000e+00 2.832371399176954796e+01
2.149205761316872554e+02 0.000000000000000000e+00 2.841198559670781876e+01
2.149838991769547363e+02 0.000000000000000000e+00 2.847798353909465163e+01
2.150344135802469054e+02 0.000000000000000000e+00 2.851368312757201551e+01
2.149243827160493936e+02 0.000000000000000000e+00 2.867319958847736672e+01
2.148506687242798421e+02 0.000000000000000000e+00 2.871213991769547391e+01
2.147397633744855909e+02 0.000000000000000000e+00 2.850082304526748800e+01
2.148499999999999943e+02 0.000000000000000000e+00 2.845730452674897037e+01
2.146952674897119380e+02 0.000000000000000000e+00 2.854912551440329338e+01
2.146849794238682989e+02 0.000000000000000000e+00 2.844398148148148309e+01
2.147368827160493936e+02 0.000000000000000000e+00 2.825694444444444287e+01
2.146332304526748942e+02 0.000000000000000000e+00 2.827474279835390902e+01
2.144596193415637799e+02 0.000000000000000000e+00 2.803379629629629477e+01
2.144904835390946403e+02 0.000000000000000000e+00 2.797119341563785966e+01
2.146250514403292300e+02 0.000000000000000000e+00 2.800020576131687378e+01
2.145787551440329253e+02 0.000000000000000000e+00 2.786687242798353736e+01
2.146631687242798421e+02 0.000000000000000000e+00 2.790447530864197390e+01
2.146117798353909336e+02 0.000000000000000000e+00 2.788832304526749084e+01
2.144912037037036896e+02 0.000000000000000000e+00 2.760442386831275741e+01
2.144092592592592723e+02 0.000000000000000000e+00 2.783811728395061635e+01
2.144155864197530832e+02 0.000000000000000000e+00 2.743441358024691468e+01
2.142655349794238759e+02 0.000000000000000000e+00 2.760066872427983498e+01
2.144054526748971057e+02 0.000000000000000000e+00 2.759943415637859943e+01
2.143626543209876445e+02 0.000000000000000000e+00 2.744984567901234485e+01
2.145707304526748942e+02 0.000000000000000000e+00 2.791028806584361988e+01
2.146304526748971284e+02 0.000000000000000000e+00 2.746167695473251058e+01
2.145722222222222229e+02 0.000000000000000000e+00 2.745967078189300281e+01
2.144104938271605079e+02 0.000000000000000000e+00 2.716054526748971298e+01
2.145636316872428040e+02 0.000000000000000000e+00 2.733086419753086460e+01
2.147045781893004062e+02 0.000000000000000000e+00 2.725961934156378774e+01
2.146910493827160451e+02 0.000000000000000000e+00 2.726887860082304371e+01
2.147281893004115148e+02 0.000000000000000000e+00 2.720941358024691326e+01
2.148047839506172920e+02 0.000000000000000000e+00 2.717849794238683003e+01
2.149898148148148209e+02 0.000000000000000000e+00 2.743523662551440268e+01
2.156994855967078308e+02 0.000000000000000000e+00 2.741718106995884696e+01
2.156775720164609140e+02 0.000000000000000000e+00 2.674475308641975246e+01
2.155639917695473287e+02 0.000000000000000000e+00 2.656733539094650354e+01
2.154709876543209930e+02 0.000000000000000000e+00 2.674320987654321158e+01
2.155016975308641918e+02 0.000000000000000000e+00 2.667011316872428139e+01
2.154071502057613259e+02 0.000000000000000000e+00 2.715231481481481524e+01
2.150447016460905445e+02 0.000000000000000000e+00 2.727865226337448590e+01
2.149470164609053597e+02 0.000000000000000000e+00 2.728739711934156276e+01
2.147825617283950521e+02 0.000000000000000000e+00 2.738842592592592595e+01
2.147231995884773710e+02 0.000000000000000000e+00 2.752536008230452680e+01
2.147392489711934047e+02 0.000000000000000000e+00 2.731764403292181242e+01
2.148559156378600790e+02 0.000000000000000000e+00 2.764578189300411637e+01
2.147611111111111200e+02 0.000000000000000000e+00 2.744017489711934132e+01
2.147036008230452637e+02 0.000000000000000000e+00 2.773009259259259096e+01
2.143446502057613259e+02 0.000000000000000000e+00 2.711491769547325248e+01
2.141810699588477291e+02 0.000000000000000000e+00 2.713894032921810862e+01
2.142253086419753174e+02 0.000000000000000000e+00 2.703461934156378632e+01
2.141817901234567785e+02 0.000000000000000000e+00 2.685581275720164740e+01
2.142726851851851961e+02 0.000000000000000000e+00 2.672854938271605008e+01
2.143138888888888971e+02 0.000000000000000000e+00 2.676723251028806416e+01
2.142350308641975403e+02 0.000000000000000000e+00 2.687921810699588576e+01
2.141390432098765473e+02 0.000000000000000000e+00 2.687484567901234556e+01
2.142983024691357912e+02 0.000000000000000000e+00 2.687191358024691468e+01
2.142535493827160451e+02 0.000000000000000000e+00 2.607628600823045417e+01
2.143554526748971227e+02 0.000000000000000000e+00 2.639068930041152328e+01
2.145761316872427926e+02 0.000000000000000000e+00 2.686291152263374471e+01
2.145868827160493879e+02 0.000000000000000000e+00 2.699547325102880535e+01
2.145722222222222229e+02 0.000000000000000000e+00 2.718009259259259380e+01
2.143894032921810719e+02 0.000000000000000000e+00 2.716908436213991607e+01
2.141774176954732525e+02 0.000000000000000000e+00 2.715370370370370523e+01
2.141158950617283949e+02 0.000000000000000000e+00 2.733786008230452680e+01
2.142015946502057488e+02 0.000000000000000000e+00 2.714835390946501903e+01
2.140999485596707927e+02 0.000000000000000000e+00 2.716625514403292030e+01
2.140016975308641918e+02 0.000000000000000000e+00 2.705354938271604937e+01
2.142183127572016588e+02 0.000000000000000000e+00 2.706676954732510154e+01
2.141943415637859971e+02 0.000000000000000000e+00 2.708708847736625458e+01
2.142156378600822961e+02 0.000000000000000000e+00 2.701682098765432016e+01
2.143149176954732411e+02 0.000000000000000000e+00 2.719233539094650354e+01
2.143838477366255120e+02 0.000000000000000000e+00 2.737937242798354021e+01
2.143606995884773596e+02 0.000000000000000000e+00 2.750627572016460931e+01
2.142677983539094555e+02 0.000000000000000000e+00 2.768153292181069958e+01
2.141873456790123385e+02 0.000000000000000000e+00 2.761548353909465092e+01
2.139224279835391087e+02 0.000000000000000000e+00 2.752350823045267347e+01
2.137398148148148209e+02 0.000000000000000000e+00 2.807582304526749084e+01
2.138922325102880677e+02 0.000000000000000000e+00 2.786630658436213892e+01
2.138539094650205641e+02 0.000000000000000000e+00 2.767880658436213892e+01
2.135896604938271537e+02 0.000000000000000000e+00 2.796003086419753103e+01
2.137929012345678927e+02 0.000000000000000000e+00 2.818497942386831312e+01
2.137504115226337547e+02 0.000000000000000000e+00 2.837597736625514244e+01
2.139337962962962933e+02 0.000000000000000000e+00 2.870072016460905218e+01
2.138860082304526884e+02 0.000000000000000000e+00 2.876903292181069816e+01
2.139336419753086318e+02 0.000000000000000000e+00 2.914017489711934061e+01
2.139958847736625387e+02 0.000000000000000000e+00 2.883703703703703880e+01
2.138620884773662567e+02 0.000000000000000000e+00 2.880267489711934203e+01
2.139650720164609083e+02 0.000000000000000000e+00 2.919963991769547462e+01
2.139648148148148152e+02 0.000000000000000000e+00 2.911985596707818758e+01
2.138659979423868265e+02 0.000000000000000000e+00 2.962674897119341466e+01
2.137991255144033005e+02 0.000000000000000000e+00 2.908739711934156347e+01
2.136839506172839549e+02 0.000000000000000000e+00 2.903122427983539211e+01
2.137607510288065953e+02 0.000000000000000000e+00 2.921625514403292101e+01
2.139099794238683216e+02 0.000000000000000000e+00 2.956877572016460931e+01
2.137382201646090607e+02 0.000000000000000000e+00 2.929074074074074119e+01
2.138743827160493822e+02 0.000000000000000000e+00 2.937921810699588576e+01
2.141178497942386798e+02 0.000000000000000000e+00 2.941851851851851762e+01
2.140776748971193513e+02 0.000000000000000000e+00 2.913950617283950706e+01
2.141140946502057716e+02 0.000000000000000000e+00 2.924747942386831312e+01
2.139408950617283836e+02 0.000000000000000000e+00 2.917098765432098872e+01
2.137359053497942512e+02 0.000000000000000000e+00 2.923631687242798449e+01
2.133605967078189281e+02 0.000000000000000000e+00 2.870679012345679126e+01
2.132963477366255063e+02 0.000000000000000000e+00 2.874583333333333357e+01
2.135178497942386855e+02 0.000000000000000000e+00 2.887258230452674823e+01
2.136823045267489647e+02 0.000000000000000000e+00 2.911064814814814738e+01
2.137666666666666799e+02 0.000000000000000000e+00 2.867021604938271651e+01
2.138449074074074190e+02 0.000000000000000000e+00 2.871820987654320945e+01
2.138489197530864203e+02 0.000000000000000000e+00 2.838029835390946332e+01
2.137339506172839378e+02 0.000000000000000000e+00 2.862042181069958957e+01
2.134802469135802596e+02 0.000000000000000000e+00 2.822695473251028631e+01
2.135075617283950749e+02 0.000000000000000000e+00 2.777376543209876658e+01
2.134740226337448519e+02 0.000000000000000000e+00 2.801280864197530818e+01
2.133761316872428040e+02 0.000000000000000000e+00 2.801095679012345840e+01
2.135082818930041242e+02 0.000000000000000000e+00 2.834634773662551410e+01
2.137868312757201750e+02 0.000000000000000000e+00 2.852145061728394992e+01
2.139338477366255233e+02 0.000000000000000000e+00 2.815987654320987588e+01
2.138275720164608913e+02 0.000000000000000000e+00 2.798328189300411495e+01
2.137405349794238703e+02 0.000000000000000000e+00 2.793631687242798378e+01
2.136337962962963104e+02 0.000000000000000000e+00 2.806244855967078067e+01
2.135778292181069844e+02 0.000000000000000000e+00 2.790833333333333499e+01
2.137597736625514528e+02 0.000000000000000000e+00 2.815200617283950635e+01
2.137230967078189394e+02 0.000000000000000000e+00 2.820339506172839350e+01
2.137616255144033062e+02 0.000000000000000000e+00 2.791630658436213963e+01
2.138341049382715937e+02 0.000000000000000000e+00 2.759063786008230323e+01
2.139761316872427983e+02 0.000000000000000000e+00 2.800154320987654444e+01
2.140521090534979294e+02 0.000000000000000000e+00 2.769542181069958886e+01
2.140101851851851791e+02 0.000000000000000000e+00 2.780823045267489846e+01
2.139675411522633794e+02 0.000000000000000000e+00 2.772649176954732653e+01
2.140099279835390860e+02 0.000000000000000000e+00 2.783693415637860014e+01
2.139757716049382736e+02 0.000000000000000000e+00 2.745149176954732440e+01
2.139545267489712046e+02 0.000000000000000000e+00 2.713220164609053597e+01
2.137812757201646150e+02 0.000000000000000000e+00 2.734573045267489633e+01
2.140032921810699520e+02 0.000000000000000000e+00 2.781378600823045133e+01
2.141400720164608913e+02 0.000000000000000000e+00 2.784490740740740833e+01
2.140670781893004175e+02 0.000000000000000000e+00 2.771671810699588434e+01
2.140693415637859971e+02 0.000000000000000000e+00 2.751723251028806416e+01
2.139029320987654330e+02 0.000000000000000000e+00 2.753693415637859943e+01
2.138314814814814895e+02 0.000000000000000000e+00 2.732978395061728349e+01
2.140160493827160622e+02 0.000000000000000000e+00 2.758271604938271437e+01
2.141467078189300537e+02 0.000000000000000000e+00 2.765745884773662411e+01
2.143148662551440395e+02 0.000000000000000000e+00 2.781800411522633709e+01
2.141683641975308774e+02 0.000000000000000000e+00 2.786424897119341537e+01
2.143522633744856023e+02 0.000000000000000000e+00 2.768888888888888999e+01
2.141799382716049251e+02 0.000000000000000000e+00 2.767201646090535050e+01
2.141818415637860085e+02 0.000000000000000000e+00 2.757541152263374329e+01
2.140328703703703752e+02 0.000000000000000000e+00 2.768657407407407334e+01
2.139121913580246996e+02 0.000000000000000000e+00 2.759691358024691255e+01
2.138135802469135740e+02 0.000000000000000000e+00 2.806836419753086531e+01
2.139345679012345727e+02 0.000000000000000000e+00 2.795529835390946616e+01
2.139515432098765473e+02 0.000000000000000000e+00 2.784089506172839634e+01
2.137515432098765302e+02 0.000000000000000000e+00 2.818153292181069958e+01
2.136478395061728293e+02 0.000000000000000000e+00 2.768034979423868336e+01
2.137106481481481524e+02 0.000000000000000000e+00 2.764377572016460860e+01
2.136959362139917573e+02 0.000000000000000000e+00 2.821630658436214034e+01
2.138083847736625387e+02 0.000000000000000000e+00 2.816748971193415585e+01
2.138722222222222342e+02 0.000000000000000000e+00 2.817777777777777715e+01
2.139145061728395092e+02 0.000000000000000000e+00 2.796136831275720169e+01
2.137882201646090436e+02 0.000000000000000000e+00 2.804701646090535050e+01
2.139285493827160565e+02 0.000000000000000000e+00 2.802803497942386812e+01
2.138713991769547249e+02 0.000000000000000000e+00 2.770432098765432016e+01
2.140512860082304485e+02 0.000000000000000000e+00 2.762767489711934132e+01
2.138604423868312665e+02 0.000000000000000000e+00 2.771100823045267347e+01
2.140196502057613088e+02 0.000000000000000000e+00 2.739336419753086460e+01
2.139810185185185105e+02 0.000000000000000000e+00 2.742736625514403315e+01
2.140936728395061834e+02 0.000000000000000000e+00 2.734567901234568055e+01
2.142100823045267362e+02 0.000000000000000000e+00 2.750570987654321087e+01
2.143036522633744880e+02 0.000000000000000000e+00 2.731635802469135754e+01
2.143141460905349902e+02 0.000000000000000000e+00 2.750426954732510154e+01
2.144061213991769534e+02 0.000000000000000000e+00 2.755210905349794359e+01
2.141722222222222172e+02 0.000000000000000000e+00 2.738976337448559661e+01
2.141855452674897151e+02 0.000000000000000000e+00 2.737407407407407334e+01
2.143707818930041071e+02 0.000000000000000000e+00 2.700756172839506064e+01
2.143809670781892862e+02 0.000000000000000000e+00 2.698101851851851762e+01
2.142961934156378732e+02 0.000000000000000000e+00 2.718348765432098801e+01
2.143003086419753060e+02 0.000000000000000000e+00 2.738287037037036953e+01
2.142045267489712046e+02 0.000000000000000000e+00 2.732366255144032863e+01
2.142805041152263357e+02 0.000000000000000000e+00 2.741599794238683074e+01
2.142700617283950635e+02 0.000000000000000000e+00 2.728225308641975388e+01
2.141872942386831369e+02 0.000000000000000000e+00 2.718112139917695558e+01
2.138148662551440395e+02 0.000000000000000000e+00 2.725303497942386954e+01
2.137191872427983412e+02 0.000000000000000000e+00 2.700951646090534908e+01
2.136533950617283892e+02 0.000000000000000000e+00 2.719645061728395063e+01
2.134760802469135683e+02 0.000000000000000000e+00 2.725072016460905289e+01
2.133958333333333428e+02 0.000000000000000000e+00 2.686867283950617136e+01
2.137114711934156333e+02 0.000000000000000000e+00 2.688842592592592595e+01
2.140772119341563666e+02 0.000000000000000000e+00 2.679151234567901341e+01
2.141082304526748885e+02 0.000000000000000000e+00 2.673868312757201693e+01
2.142250514403292243e+02 0.000000000000000000e+00 2.718343621399176868e+01
2.140223251028806715e+02 0.000000000000000000e+00 2.704933127572016360e+01
2.140429526748971227e+02 0.000000000000000000e+00 2.703209876543209944e+01
2.139542695473251115e+02 0.000000000000000000e+00 2.681409465020576022e+01
2.141458847736625444e+02 0.000000000000000000e+00 2.729475308641975317e+01
2.142651234567901213e+02 0.000000000000000000e+00 2.739007201646090550e+01
2.142252057613168859e+02 0.000000000000000000e+00 2.752896090534979479e+01
2.143619855967078252e+02 0.000000000000000000e+00 2.775174897119341466e+01
2.143702674897119209e+02 0.000000000000000000e+00 2.777335390946501903e+01
2.140925925925925810e+02 0.000000000000000000e+00 2.768837448559670733e+01
2.139361625514403329e+02 0.000000000000000000e+00 2.749943415637860156e+01
2.139244855967078252e+02 0.000000000000000000e+00 2.784387860082304655e+01
2.137637345679012242e+02 0.000000000000000000e+00 2.787227366255143934e+01
2.137972736625514472e+02 0.000000000000000000e+00 2.768904320987654444e+01
2.138270061728395035e+02 0.000000000000000000e+00 2.796656378600822990e+01
2.136590020576131792e+02 0.000000000000000000e+00 2.727294238683127503e+01
2.138487139917695572e+02 0.000000000000000000e+00 2.725514403292181242e+01
2.140062757201646093e+02 0.000000000000000000e+00 2.764269547325102749e+01
2.139324074074073962e+02 0.000000000000000000e+00 2.802669753086419746e+01
2.136831790123456756e+02 0.000000000000000000e+00 2.785864197530864317e+01
2.135077160493827080e+02 0.000000000000000000e+00 2.768693415637860156e+01
2.135749485596707871e+02 0.000000000000000000e+00 2.767685185185185048e+01
2.137499485596707700e+02 0.000000000000000000e+00 2.779449588477366362e+01
2.138044238683127674e+02 0.000000000000000000e+00 2.789624485596707970e+01
2.134373456790123385e+02 0.000000000000000000e+00 2.769783950617284063e+01
2.132612654320987531e+02 0.000000000000000000e+00 2.759068930041152257e+01
2.140226337448559661e+02 0.000000000000000000e+00 2.733317901234567771e+01
2.138795267489711875e+02 0.000000000000000000e+00 2.687998971193415798e+01
2.138052469135802482e+02 0.000000000000000000e+00 2.696424897119341679e+01
2.138294753086419746e+02 0.000000000000000000e+00 2.719778806584362130e+01
2.139449588477366149e+02 0.000000000000000000e+00 2.752623456790123413e+01
2.139333847736625387e+02 0.000000000000000000e+00 2.717422839506172849e+01
2.139335390946502002e+02 0.000000000000000000e+00 2.751959876543210015e+01
2.142753600823045304e+02 0.000000000000000000e+00 2.797325102880658321e+01
2.142859053497942341e+02 0.000000000000000000e+00 2.742103909465020450e+01
2.143434156378600903e+02 0.000000000000000000e+00 2.754861111111111072e+01
2.141799897119341551e+02 0.000000000000000000e+00 2.740951646090535121e+01
2.143247427983538955e+02 0.000000000000000000e+00 2.755236625514403315e+01
2.141373456790123555e+02 0.000000000000000000e+00 2.744125514403292243e+01
2.141230967078189167e+02 0.000000000000000000e+00 2.743518518518518690e+01
2.139349279835390973e+02 0.000000000000000000e+00 2.745498971193415727e+01
2.136777777777777771e+02 0.000000000000000000e+00 2.737247942386831312e+01
2.133300411522633624e+02 0.000000000000000000e+00 2.743353909465020735e+01
2.130919238683127617e+02 0.000000000000000000e+00 2.756404320987654444e+01
2.130292181069958986e+02 0.000000000000000000e+00 2.741404320987654231e+01
2.127775720164609083e+02 0.000000000000000000e+00 2.776882716049382793e+01
2.125457818930041185e+02 0.000000000000000000e+00 2.766512345679012341e+01
2.126276234567901326e+02 0.000000000000000000e+00 2.794002057613168688e+01
2.132205761316872383e+02 0.000000000000000000e+00 2.784722222222222143e+01
2.132756687242798250e+02 0.000000000000000000e+00 2.810478395061728563e+01
2.133268518518518420e+02 0.000000000000000000e+00 2.819598765432098730e+01
2.134328189300411509e+02 0.000000000000000000e+00 2.824367283950617136e+01
2.133204732510288011e+02 0.000000000000000000e+00 2.817155349794238717e+01
2.132311213991769421e+02 0.000000000000000000e+00 2.824763374485596756e+01
2.132651748971193513e+02 0.000000000000000000e+00 2.831877572016460931e+01
2.132876028806584259e+02 0.000000000000000000e+00 2.862608024691358111e+01
2.129540123456790184e+02 0.000000000000000000e+00 2.827119341563786037e+01
2.127419238683127674e+02 0.000000000000000000e+00 2.826229423868312907e+01
2.128156893004115204e+02 0.000000000000000000e+00 2.827608024691357969e+01
2.129513374485596842e+02 0.000000000000000000e+00 2.821898148148148167e+01
2.131067386831275599e+02 0.000000000000000000e+00 2.819526748971193442e+01
2.132380144032921692e+02 0.000000000000000000e+00 2.838713991769547462e+01
2.132536008230452751e+02 0.000000000000000000e+00 2.843215020576131735e+01
2.133877057613168802e+02 0.000000000000000000e+00 2.827978395061728278e+01
2.132946502057613145e+02 0.000000000000000000e+00 2.812366255144032934e+01
2.130933127572016588e+02 0.000000000000000000e+00 2.829593621399176939e+01
2.130156893004115091e+02 0.000000000000000000e+00 2.818518518518518690e+01
2.128934156378600733e+02 0.000000000000000000e+00 2.817412551440329338e+01
2.128953703703703582e+02 0.000000000000000000e+00 2.829526748971193584e+01
2.128946502057613088e+02 0.000000000000000000e+00 2.817561728395061849e+01
2.130700102880658449e+02 0.000000000000000000e+00 2.808945473251028702e+01
2.132492798353909507e+02 0.000000000000000000e+00 2.847788065843621297e+01
2.133965534979423921e+02 0.000000000000000000e+00 2.802968106995884767e+01
2.135424382716049365e+02 0.000000000000000000e+00 2.831723251028806487e+01
2.135785493827160622e+02 0.000000000000000000e+00 2.886985596707818758e+01
2.136406378600823075e+02 0.000000000000000000e+00 2.850066872427983711e+01
2.136063271604938336e+02 0.000000000000000000e+00 2.843019547325102891e+01
2.134666666666666686e+02 0.000000000000000000e+00 2.843060699588477291e+01
2.133685699588477291e+02 0.000000000000000000e+00 2.853641975308642031e+01
2.133883744855966995e+02 0.000000000000000000e+00 2.857865226337448661e+01
2.135959876543209930e+02 0.000000000000000000e+00 2.862006172839506135e+01
2.136223251028806658e+02 0.000000000000000000e+00 2.867042181069958673e+01
2.135901748971193399e+02 0.000000000000000000e+00 2.886430041152263470e+01
2.134336934156378618e+02 0.000000000000000000e+00 2.866039094650205854e+01
2.132403806584362087e+02 0.000000000000000000e+00 2.881234567901234556e+01
2.130236625514403386e+02 0.000000000000000000e+00 2.862721193415637799e+01
2.131346193415637913e+02 0.000000000000000000e+00 2.880277777777777715e+01
2.129022633744855852e+02 0.000000000000000000e+00 2.833708847736625458e+01
2.129224794238683103e+02 0.000000000000000000e+00 2.853873456790123342e+01
2.129681584362139972e+02 0.000000000000000000e+00 2.853199588477366078e+01
2.131420781893004062e+02 0.000000000000000000e+00 2.885889917695473272e+01
2.131923353909465106e+02 0.000000000000000000e+00 2.878590534979423765e+01
2.130341049382716108e+02 0.000000000000000000e+00 2.876491769547325106e+01
2.129901748971193456e+02 0.000000000000000000e+00 2.879660493827160650e+01
2.130343106995884739e+02 0.000000000000000000e+00 2.920452674897119394e+01
2.127957818930041185e+02 0.000000000000000000e+00 2.886568930041152115e+01
2.127980967078189281e+02 0.000000000000000000e+00 2.874984567901234556e+01
2.126011316872427983e+02 0.000000000000000000e+00 2.882962962962962905e+01
2.126909465020576135e+02 0.000000000000000000e+00 2.860925925925926094e+01
2.127132201646090550e+02 0.000000000000000000e+00 2.887448559670781734e+01
2.127955246913580254e+02 0.000000000000000000e+00 2.871172839506172991e+01
2.128544753086419803e+02 0.000000000000000000e+00 2.894305555555555642e+01
2.126944958847736586e+02 0.000000000000000000e+00 2.867680041152263470e+01
2.126784465020576249e+02 0.000000000000000000e+00 2.886152263374485472e+01
2.128279835390946459e+02 0.000000000000000000e+00 2.887484567901234556e+01
2.129442901234567955e+02 0.000000000000000000e+00 2.882181069958847885e+01
2.130530864197531002e+02 0.000000000000000000e+00 2.854691358024691183e+01
2.131625514403292243e+02 0.000000000000000000e+00 2.868729423868312622e+01
2.131230452674897151e+02 0.000000000000000000e+00 2.878343621399177010e+01
2.131384773662551311e+02 0.000000000000000000e+00 2.897381687242798520e+01
2.130864711934156333e+02 0.000000000000000000e+00 2.876080246913580396e+01
2.130561728395061607e+02 0.000000000000000000e+00 2.884130658436214034e+01
2.129059670781892919e+02 0.000000000000000000e+00 2.931141975308641889e+01
2.125266460905349675e+02 0.000000000000000000e+00 2.902299382716049436e+01
2.125091563786008351e+02 0.000000000000000000e+00 2.902860082304526657e+01
2.126992798353909393e+02 0.000000000000000000e+00 2.886316872427983427e+01
2.127343621399176925e+02 0.000000000000000000e+00 2.888559670781893018e+01
2.126501543209876672e+02 0.000000000000000000e+00 2.896286008230452680e+01
2.128724279835390973e+02 0.000000000000000000e+00 2.850889917695473130e+01
2.128316872427983526e+02 0.000000000000000000e+00 2.912926954732510154e+01
2.128397633744855852e+02 0.000000000000000000e+00 2.911409465020576093e+01
2.128897119341563666e+02 0.000000000000000000e+00 2.883611111111111214e+01
2.128851337448559775e+02 0.000000000000000000e+00 2.919953703703703596e+01
2.128825617283950749e+02 0.000000000000000000e+00 2.888364197530864175e+01
2.127662037037036953e+02 0.000000000000000000e+00 2.886702674897119181e+01
2.127234053497942341e+02 0.000000000000000000e+00 2.880951646090534979e+01
2.127507716049382793e+02 0.000000000000000000e+00 2.899104938271604937e+01
2.128074588477366262e+02 0.000000000000000000e+00 2.914305555555555571e+01
2.127563271604938393e+02 0.000000000000000000e+00 2.915354938271605079e+01
2.127324074074074076e+02 0.000000000000000000e+00 2.892227366255144005e+01
2.128578189300411623e+02 0.000000000000000000e+00 2.888106995884773553e+01
2.129291152263374443e+02 0.000000000000000000e+00 2.883086419753086460e+01
2.131707818930041185e+02 0.000000000000000000e+00 2.929516460905349717e+01
2.129672325102880563e+02 0.000000000000000000e+00 2.901728395061728349e+01
2.127560699588477462e+02 0.000000000000000000e+00 2.879408436213991607e+01
2.129443930041152271e+02 0.000000000000000000e+00 2.869341563786008109e+01
2.129286008230452580e+02 0.000000000000000000e+00 2.852355967078189281e+01
2.129708333333333314e+02 0.000000000000000000e+00 2.834737654320987588e+01
2.128179012345678984e+02 0.000000000000000000e+00 2.852109053497942526e+01
2.127340534979423978e+02 0.000000000000000000e+00 2.817983539094650070e+01
2.127293724279835487e+02 0.000000000000000000e+00 2.823760288065843582e+01
2.128272119341563666e+02 0.000000000000000000e+00 2.858755144032921791e+01
2.129844135802469225e+02 0.000000000000000000e+00 2.849521604938271579e+01
2.130686728395061778e+02 0.000000000000000000e+00 2.871167695473251058e+01
2.128462448559670861e+02 0.000000000000000000e+00 2.911466049382715937e+01
2.128252057613168802e+02 0.000000000000000000e+00 2.908971193415638012e+01
2.134496913580246940e+02 0.000000000000000000e+00 2.901939300411522638e+01
2.134517489711934104e+02 0.000000000000000000e+00 2.888492798353909308e+01
2.134934670781892976e+02 0.000000000000000000e+00 2.905534979423868336e+01
2.132586934156378504e+02 0.000000000000000000e+00 2.915715020576131522e+01
2.134023148148148152e+02 0.000000000000000000e+00 2.934547325102880677e+01
2.134220164609053541e+02 0.000000000000000000e+00 2.894583333333333286e+01
2.133836419753086489e+02 0.000000000000000000e+00 2.928328189300411566e+01
2.131342592592592666e+02 0.000000000000000000e+00 2.923173868312757051e+01
2.129522633744855966e+02 0.000000000000000000e+00 2.884789094650205854e+01
2.126788065843621496e+02 0.000000000000000000e+00 2.852978395061728278e+01
2.127891975308641861e+02 0.000000000000000000e+00 2.876167695473251129e+01
2.127578189300411395e+02 0.000000000000000000e+00 2.881203703703703667e+01
2.129209876543209816e+02 0.000000000000000000e+00 2.879248971193415585e+01
2.128476851851851848e+02 0.000000000000000000e+00 2.910951646090535050e+01
2.128393004115226290e+02 0.000000000000000000e+00 2.916893004115226162e+01
2.128547839506172750e+02 0.000000000000000000e+00 2.914310699588477505e+01
2.130226851851851961e+02 0.000000000000000000e+00 2.913245884773662553e+01
2.131687242798354021e+02 0.000000000000000000e+00 2.919238683127571932e+01
2.130646604938271480e+02 0.000000000000000000e+00 2.929742798353909450e+01
2.126967592592592666e+02 0.000000000000000000e+00 2.948996913580246826e+01
2.124349794238682989e+02 0.000000000000000000e+00 2.918353909465020735e+01
2.123651234567901156e+02 0.000000000000000000e+00 2.898230452674897251e+01
2.125923353909464879e+02 0.000000000000000000e+00 2.885720164609053384e+01
2.124625514403292073e+02 0.000000000000000000e+00 2.870606995884773838e+01
2.124830761316872554e+02 0.000000000000000000e+00 2.896358024691357969e+01
2.126026748971193285e+02 0.000000000000000000e+00 2.925493827160493865e+01
2.128133230452674809e+02 0.000000000000000000e+00 2.933194444444444571e+01
2.129117283950617150e+02 0.000000000000000000e+00 2.944629629629629619e+01
2.126297325102880791e+02 0.000000000000000000e+00 2.956383744855967066e+01
2.126197530864197631e+02 0.000000000000000000e+00 2.970344650205761283e+01
2.126554526748971057e+02 0.000000000000000000e+00 2.981543209876543088e+01
2.126629115226337490e+02 0.000000000000000000e+00 2.981419753086419888e+01
2.125578703703703809e+02 0.000000000000000000e+00 2.991064814814814810e+01
2.125466049382715994e+02 0.000000000000000000e+00 2.982155349794238575e+01
2.125047839506172807e+02 0.000000000000000000e+00 2.969254115226337376e+01
2.125406378600823132e+02 0.000000000000000000e+00 2.969341563786008109e+01
2.123888888888888857e+02 0.000000000000000000e+00 2.955015432098765515e+01
2.124328703703703809e+02 0.000000000000000000e+00 2.964110082304526728e+01
2.125889403292181044e+02 0.000000000000000000e+00 2.984007201646090479e+01
2.124711419753086545e+02 0.000000000000000000e+00 2.945406378600823061e+01
2.121914609053497998e+02 0.000000000000000000e+00 2.918677983539094711e+01
2.120364197530864203e+02 0.000000000000000000e+00 2.942355967078189138e+01
2.119430041152263300e+02 0.000000000000000000e+00 2.930972222222222356e+01
2.118739197530864260e+02 0.000000000000000000e+00 2.922654320987654231e+01
2.118819958847736586e+02 0.000000000000000000e+00 2.957885802469135683e+01
2.120687757201646093e+02 0.000000000000000000e+00 2.961368312757201693e+01
2.122275720164608970e+02 0.000000000000000000e+00 2.982983539094650283e+01
2.123006172839506291e+02 0.000000000000000000e+00 2.966687242798353807e+01
2.122080246913580197e+02 0.000000000000000000e+00 2.965987654320987588e+01
2.123876028806584486e+02 0.000000000000000000e+00 2.983256172839506348e+01
2.123189814814814724e+02 0.000000000000000000e+00 2.977798353909464879e+01
2.122019547325103019e+02 0.000000000000000000e+00 2.972042181069958744e+01
2.122877057613168859e+02 0.000000000000000000e+00 2.979233539094650141e+01
2.123947530864197404e+02 0.000000000000000000e+00 3.022242798353909521e+01
2.122746913580246826e+02 0.000000000000000000e+00 2.996872427983539211e+01
2.123736625514403329e+02 0.000000000000000000e+00 3.022366255144033076e+01
2.125046296296296191e+02 0.000000000000000000e+00 3.036800411522633780e+01
2.124048353909464879e+02 0.000000000000000000e+00 3.015092592592592524e+01
2.125517489711934047e+02 0.000000000000000000e+00 3.033719135802468969e+01
2.125410493827160394e+02 0.000000000000000000e+00 3.025478395061728421e+01
2.131671810699588434e+02 0.000000000000000000e+00 3.081527777777777644e+01
2.131423353909464993e+02 0.000000000000000000e+00 3.061759259259259380e+01
2.130737654320987531e+02 0.000000000000000000e+00 3.068148148148148024e+01
2.130672839506172807e+02 0.000000000000000000e+00 3.071635802469135967e+01
2.131881172839506178e+02 0.000000000000000000e+00 3.095658436213991749e+01
2.129917695473251058e+02 0.000000000000000000e+00 3.095828189300411637e+01
2.128802983539094669e+02 0.000000000000000000e+00 3.060159465020576164e+01
2.126454732510288181e+02 0.000000000000000000e+00 3.034907407407407476e+01
2.123189300411522709e+02 0.000000000000000000e+00 3.047957818930041185e+01
2.122952674897119323e+02 0.000000000000000000e+00 3.016538065843621297e+01
2.123844135802468998e+02 0.000000000000000000e+00 2.999125514403292314e+01
2.124198045267489761e+02 0.000000000000000000e+00 3.035761316872428139e+01
2.123969650205761184e+02 0.000000000000000000e+00 3.051286008230452751e+01
2.126107510288065896e+02 0.000000000000000000e+00 3.079264403292181029e+01
2.126375514403292186e+02 0.000000000000000000e+00 3.095570987654321016e+01
2.118830761316872326e+02 0.000000000000000000e+00 3.052330246913580325e+01
2.111059670781893089e+02 0.000000000000000000e+00 3.013302469135802397e+01
2.110441872427983583e+02 0.000000000000000000e+00 2.969567901234567842e+01
2.111613168724279888e+02 0.000000000000000000e+00 2.978775720164609098e+01
2.116162551440329196e+02 0.000000000000000000e+00 2.978981481481481453e+01
2.115615226337448576e+02 0.000000000000000000e+00 2.952860082304526657e+01
2.115397633744856023e+02 0.000000000000000000e+00 2.950828189300411353e+01
2.115864197530864317e+02 0.000000000000000000e+00 2.988173868312757264e+01
2.115912551440329139e+02 0.000000000000000000e+00 2.996049382716049436e+01
2.115114711934156446e+02 0.000000000000000000e+00 2.998132716049382651e+01
2.112718621399176868e+02 0.000000000000000000e+00 2.967402263374485472e+01
2.113530349794238816e+02 0.000000000000000000e+00 3.019485596707819042e+01
2.110445473251028830e+02 0.000000000000000000e+00 3.042211934156378561e+01
2.114386316872428040e+02 0.000000000000000000e+00 3.040252057613168901e+01
2.118436213991769534e+02 0.000000000000000000e+00 3.071918724279835544e+01
2.119111111111110972e+02 0.000000000000000000e+00 3.063240740740740620e+01
2.116776234567901156e+02 0.000000000000000000e+00 3.034794238683127432e+01
2.114820473251028830e+02 0.000000000000000000e+00 3.033106995884773838e+01
2.113776748971193342e+02 0.000000000000000000e+00 3.039866255144032792e+01
2.111472222222222115e+02 0.000000000000000000e+00 3.056954732510288153e+01
2.104578703703703582e+02 0.000000000000000000e+00 3.043719135802469111e+01
2.096424382716049308e+02 0.000000000000000000e+00 3.036347736625514315e+01
2.097112654320987701e+02 0.000000000000000000e+00 3.033894032921810791e+01
2.096344650205761297e+02 0.000000000000000000e+00 3.040884773662551410e+01
2.097427469135802482e+02 0.000000000000000000e+00 3.013153292181069887e+01
2.095737139917695515e+02 0.000000000000000000e+00 3.038338477366255219e+01
2.094237139917695458e+02 0.000000000000000000e+00 3.036296296296296404e+01
2.092726337448559661e+02 0.000000000000000000e+00 3.034706790123456699e+01
2.090135802469135911e+02 0.000000000000000000e+00 3.054588477366255006e+01
2.090416152263374556e+02 0.000000000000000000e+00 3.009043209876543301e+01
2.091441358024691226e+02 0.000000000000000000e+00 3.023256172839506206e+01
2.092806069958847672e+02 0.000000000000000000e+00 3.055468106995884625e+01
2.090297839506172863e+02 0.000000000000000000e+00 3.077366255144032792e+01
2.090176440329218224e+02 0.000000000000000000e+00 3.087916666666666643e+01
2.085997427983539012e+02 0.000000000000000000e+00 3.084166666666666501e+01
2.083824074074074133e+02 0.000000000000000000e+00 3.046908436213991678e+01
2.083793724279835260e+02 0.000000000000000000e+00 3.026604938271604794e+01
2.083745370370370438e+02 0.000000000000000000e+00 3.019501028806584486e+01
2.084391460905349902e+02 0.000000000000000000e+00 2.999598765432098801e+01
2.085586419753086318e+02 0.000000000000000000e+00 3.029099794238683074e+01
2.084884773662551538e+02 0.000000000000000000e+00 3.042849794238683003e+01
2.083891460905349788e+02 0.000000000000000000e+00 3.038271604938271508e+01
2.084231995884773596e+02 0.000000000000000000e+00 2.970334362139917772e+01
2.080370370370370381e+02 0.000000000000000000e+00 2.964778806584362059e+01
2.081696502057613145e+02 0.000000000000000000e+00 2.962824074074073977e+01
2.084845679012345556e+02 0.000000000000000000e+00 2.945972222222222214e+01
2.082331790123456869e+02 0.000000000000000000e+00 2.917870370370370381e+01
2.081230452674897151e+02 0.000000000000000000e+00 2.915267489711933990e+01
2.082005658436214048e+02 0.000000000000000000e+00 2.917746913580246826e+01
2.082969135802469225e+02 0.000000000000000000e+00 2.967762345679012270e+01
2.084107510288065725e+02 0.000000000000000000e+00 2.962052469135802468e+01
2.085498971193415514e+02 0.000000000000000000e+00 2.905766460905349646e+01
2.085470679012345556e+02 0.000000000000000000e+00 2.907463991769547462e+01
2.086763374485596785e+02 0.000000000000000000e+00 2.904588477366255006e+01
2.086700102880658392e+02 0.000000000000000000e+00 2.891203703703703809e+01
2.085696502057613202e+02 0.000000000000000000e+00 2.910401234567901341e+01
2.085832818930041128e+02 0.000000000000000000e+00 2.932561728395061706e+01
2.087093621399176868e+02 0.000000000000000000e+00 2.917875514403292314e+01
2.088214506172839435e+02 0.000000000000000000e+00 2.956368312757201622e+01
2.090895061728394921e+02 0.000000000000000000e+00 2.950771604938271508e+01
2.088868312757201693e+02 0.000000000000000000e+00 2.937808641975308532e+01
2.087444444444444400e+02 0.000000000000000000e+00 2.911934156378600846e+01
2.088824588477366149e+02 0.000000000000000000e+00 2.910046296296296120e+01
2.090899691358024768e+02 0.000000000000000000e+00 2.936584362139917559e+01
2.091025205761316954e+02 0.000000000000000000e+00 2.941512345679012341e+01
2.090965534979423808e+02 0.000000000000000000e+00 2.964840534979423836e+01
2.091354423868312722e+02 0.000000000000000000e+00 2.990457818930041256e+01
2.085987654320987588e+02 0.000000000000000000e+00 2.992726337448559804e+01
2.082441872427983469e+02 0.000000000000000000e+00 2.982649176954732440e+01
2.084276748971193456e+02 0.000000000000000000e+00 2.986810699588477291e+01
2.084400720164609027e+02 0.000000000000000000e+00 2.981080246913580112e+01
2.083320473251028773e+02 0.000000000000000000e+00 2.994624485596707686e+01
2.086652263374485585e+02 0.000000000000000000e+00 3.033204732510288082e+01
2.088284465020576022e+02 0.000000000000000000e+00 3.030910493827160579e+01
2.088385802469135797e+02 0.000000000000000000e+00 3.023240740740740762e+01
2.091953189300411395e+02 0.000000000000000000e+00 3.046584362139917701e+01
2.091421810699588377e+02 0.000000000000000000e+00 3.050591563786008109e+01
2.092459876543209987e+02 0.000000000000000000e+00 3.037427983539094711e+01
2.088295267489712046e+02 0.000000000000000000e+00 3.023292181069958673e+01
2.085502572016461045e+02 0.000000000000000000e+00 2.995462962962962905e+01
2.084457818930041242e+02 0.000000000000000000e+00 3.039367283950617349e+01
2.082872427983539012e+02 0.000000000000000000e+00 3.023194444444444429e+01
2.082239711934156503e+02 0.000000000000000000e+00 3.010715020576131806e+01
2.083216049382716051e+02 0.000000000000000000e+00 3.017237654320987517e+01
2.083807098765432215e+02 0.000000000000000000e+00 3.027515432098765302e+01
2.084746399176954696e+02 0.000000000000000000e+00 3.008827160493827080e+01
2.086514403292181044e+02 0.000000000000000000e+00 3.008307613168724259e+01
2.083855967078189337e+02 0.000000000000000000e+00 2.991872427983539140e+01
2.083783950617283836e+02 0.000000000000000000e+00 2.997469135802469253e+01
2.086734053497942512e+02 0.000000000000000000e+00 3.005344650205761425e+01
2.087145061728394921e+02 0.000000000000000000e+00 3.024089506172839492e+01
2.084082818930041014e+02 0.000000000000000000e+00 3.000334362139917843e+01
2.085326646090535121e+02 0.000000000000000000e+00 3.027510288065843724e+01
2.086490740740740648e+02 0.000000000000000000e+00 3.066265432098765586e+01
2.085000000000000000e+02 0.000000000000000000e+00 3.034444444444444500e+01
2.081541152263374386e+02 0.000000000000000000e+00 2.993842592592592666e+01
2.082877057613168859e+02 0.000000000000000000e+00 3.021008230452675036e+01
2.081351337448559775e+02 0.000000000000000000e+00 2.995344650205761283e+01
2.082176954732510410e+02 0.000000000000000000e+00 3.051517489711934061e+01
2.083874485596707871e+02 0.000000000000000000e+00 3.007145061728395063e+01
2.080068930041152271e+02 0.000000000000000000e+00 3.012906378600823132e+01
2.079639917695473343e+02 0.000000000000000000e+00 3.005828189300411424e+01
2.080750514403292186e+02 0.000000000000000000e+00 3.041383744855967208e+01
2.080313786008230466e+02 0.000000000000000000e+00 3.023801440329217982e+01
2.079802983539094612e+02 0.000000000000000000e+00 3.007422839506172707e+01
2.082622427983538955e+02 0.000000000000000000e+00 3.005000000000000071e+01
2.083759773662551424e+02 0.000000000000000000e+00 3.017314814814814738e+01
2.084298353909464936e+02 0.000000000000000000e+00 3.020221193415637728e+01
2.084633230452674866e+02 0.000000000000000000e+00 3.040905349794238788e+01
2.084887345679012469e+02 0.000000000000000000e+00 3.032283950617284063e+01
2.083456275720164683e+02 0.000000000000000000e+00 3.043297325102880535e+01
2.080461934156378732e+02 0.000000000000000000e+00 3.014264403292181171e+01
2.082746913580246826e+02 0.000000000000000000e+00 3.038014403292181242e+01
2.084748971193415628e+02 0.000000000000000000e+00 3.044068930041152399e+01
2.083472736625514301e+02 0.000000000000000000e+00 3.054830246913580183e+01
2.083471193415637970e+02 0.000000000000000000e+00 3.031008230452674823e+01
2.082512860082304655e+02 0.000000000000000000e+00 3.020108024691358040e+01
2.082227366255144148e+02 0.000000000000000000e+00 3.009248971193415656e+01
2.084200102880658392e+02 0.000000000000000000e+00 3.014809670781892947e+01
2.084667181069958986e+02 0.000000000000000000e+00 3.038467078189300352e+01
2.081843621399177096e+02 0.000000000000000000e+00 3.028338477366255077e+01
2.082194444444444343e+02 0.000000000000000000e+00 3.045344650205761283e+01
2.082894547325102792e+02 0.000000000000000000e+00 3.066599794238683074e+01
2.081638374485596614e+02 0.000000000000000000e+00 3.090673868312757122e+01
2.082653292181069844e+02 0.000000000000000000e+00 3.068143004115226447e+01
2.083177469135802369e+02 0.000000000000000000e+00 3.052474279835390902e+01
2.082532407407407504e+02 0.000000000000000000e+00 3.061893004115226447e+01
2.085332304526748999e+02 0.000000000000000000e+00 3.061769547325102891e+01
2.084490740740740762e+02 0.000000000000000000e+00 3.050056584362139844e+01
2.084668209876543301e+02 0.000000000000000000e+00 3.065036008230452680e+01
2.082232510288065725e+02 0.000000000000000000e+00 3.049891975308641889e+01
2.081561728395061834e+02 0.000000000000000000e+00 3.028585390946502187e+01
2.082310185185185105e+02 0.000000000000000000e+00 3.073904320987654160e+01
2.081390432098765473e+02 0.000000000000000000e+00 3.072721193415637941e+01
2.080597736625514358e+02 0.000000000000000000e+00 3.065102880658436391e+01
2.078864711934156446e+02 0.000000000000000000e+00 3.035817901234567984e+01
2.079575102880658335e+02 0.000000000000000000e+00 3.034182098765431945e+01
2.081031893004115148e+02 0.000000000000000000e+00 3.048451646090535050e+01
2.080138374485596842e+02 0.000000000000000000e+00 3.071712962962962834e+01
2.081164094650205811e+02 0.000000000000000000e+00 3.054619341563785895e+01
2.079769032921810776e+02 0.000000000000000000e+00 3.077386831275720169e+01
2.080380658436214105e+02 0.000000000000000000e+00 3.088924897119341395e+01
2.079625000000000057e+02 0.000000000000000000e+00 3.113009259259259309e+01
2.081380658436214048e+02 0.000000000000000000e+00 3.096985596707818900e+01
2.082083333333333428e+02 0.000000000000000000e+00 3.107597736625514528e+01
2.081181069958847729e+02 0.000000000000000000e+00 3.148230452674897251e+01
2.080311728395061834e+02 0.000000000000000000e+00 3.117479423868312693e+01
2.080792181069958815e+02 0.000000000000000000e+00 3.143168724279835402e+01
2.080417181069958872e+02 0.000000000000000000e+00 3.140066872427983569e+01
2.081437242798353964e+02 0.000000000000000000e+00 3.132592592592592595e+01
2.082764403292181044e+02 0.000000000000000000e+00 3.149578189300411424e+01
2.082293209876543187e+02 0.000000000000000000e+00 3.146604938271605079e+01
2.083394032921810606e+02 0.000000000000000000e+00 3.177237654320987659e+01
2.084277263374485472e+02 0.000000000000000000e+00 3.184619341563785966e+01
2.083816872427983640e+02 0.000000000000000000e+00 3.185776748971193584e+01
2.083151234567901326e+02 0.000000000000000000e+00 3.188317901234567842e+01
2.083313786008230579e+02 0.000000000000000000e+00 3.233909465020575880e+01
2.085552983539094782e+02 0.000000000000000000e+00 3.225761316872427642e+01
2.083239197530864146e+02 0.000000000000000000e+00 3.217957818930041469e+01
2.080996913580246996e+02 0.000000000000000000e+00 3.208194444444444571e+01
2.079139403292180930e+02 0.000000000000000000e+00 3.213641975308642174e+01
2.081432098765432102e+02 0.000000000000000000e+00 3.215154320987654302e+01
2.081460905349794359e+02 0.000000000000000000e+00 3.202067901234568126e+01
2.082384773662551538e+02 0.000000000000000000e+00 3.191846707818930184e+01
2.082620370370370324e+02 0.000000000000000000e+00 3.219439300411522709e+01
2.089963991769547249e+02 0.000000000000000000e+00 3.247700617283950919e+01
2.087045267489712046e+02 0.000000000000000000e+00 3.209495884773662766e+01
2.085678497942386969e+02 0.000000000000000000e+00 3.211502057613168404e+01
2.084544753086419746e+02 0.000000000000000000e+00 3.225704732510288153e+01
2.085904320987654330e+02 0.000000000000000000e+00 3.234542181069959099e+01
2.086675925925925981e+02 0.000000000000000000e+00 3.253302469135802255e+01
2.085103909465020706e+02 0.000000000000000000e+00 3.251558641975308461e+01
2.081161522633744880e+02 0.000000000000000000e+00 3.205843621399176868e+01
2.079234053497942512e+02 0.000000000000000000e+00 3.174079218106995981e+01
2.075335905349794245e+02 0.000000000000000000e+00 3.134969135802469253e+01
2.077549897119341438e+02 0.000000000000000000e+00 3.140941358024691255e+01
2.078912551440329253e+02 0.000000000000000000e+00 3.150493827160493865e+01
2.078944444444444457e+02 0.000000000000000000e+00 3.153106995884773767e+01
2.081095679012345556e+02 0.000000000000000000e+00 3.132952674897119394e+01
2.081230967078189167e+02 0.000000000000000000e+00 3.135951646090535050e+01
2.078596193415637856e+02 0.000000000000000000e+00 3.159861111111111143e+01
2.078418724279835317e+02 0.000000000000000000e+00 3.165360082304526657e+01
2.079005144032921919e+02 0.000000000000000000e+00 3.145740740740740904e+01
2.079638374485596728e+02 0.000000000000000000e+00 3.155288065843621226e+01
2.078963991769547306e+02 0.000000000000000000e+00 3.154367283950617207e+01
2.079457304526748942e+02 0.000000000000000000e+00 3.135324074074074119e+01
2.081861111111111029e+02 0.000000000000000000e+00 3.167237654320987517e+01
2.084422839506172807e+02 0.000000000000000000e+00 3.181630658436213821e+01
2.082957304526748885e+02 0.000000000000000000e+00 3.175390946502057687e+01
2.084195473251028830e+02 0.000000000000000000e+00 3.172186213991769677e+01
2.084295781893004005e+02 0.000000000000000000e+00 3.183251028806584415e+01
2.084598765432098730e+02 0.000000000000000000e+00 3.172145061728394921e+01
2.084547839506172977e+02 0.000000000000000000e+00 3.153677983539094498e+01
2.085088477366255120e+02 0.000000000000000000e+00 3.215113168724279546e+01
2.084360596707819013e+02 0.000000000000000000e+00 3.196646090534979479e+01
2.083923868312757293e+02 0.000000000000000000e+00 3.179609053497942384e+01
2.084341563786008180e+02 0.000000000000000000e+00 3.189516460905349859e+01
2.084865740740740705e+02 0.000000000000000000e+00 3.179032921810699719e+01
2.086955761316872326e+02 0.000000000000000000e+00 3.160010288065843653e+01
2.086840020576131565e+02 0.000000000000000000e+00 3.174202674897119181e+01
2.086093106995884909e+02 0.000000000000000000e+00 3.195843621399177081e+01
2.086275720164609027e+02 0.000000000000000000e+00 3.209706790123456699e+01
2.085247942386831141e+02 0.000000000000000000e+00 3.206820987654320732e+01
2.084277777777777771e+02 0.000000000000000000e+00 3.163281893004115375e+01
2.084124999999999943e+02 0.000000000000000000e+00 3.220869341563786037e+01
2.083775205761317011e+02 0.000000000000000000e+00 3.199356995884773625e+01
2.082777777777777715e+02 0.000000000000000000e+00 3.202705761316872213e+01
2.083512860082304599e+02 0.000000000000000000e+00 3.206167695473251200e+01
2.081768518518518647e+02 0.000000000000000000e+00 3.221286008230452325e+01
2.080295781893004232e+02 0.000000000000000000e+00 3.180457818930041114e+01
2.081244855967078138e+02 0.000000000000000000e+00 3.158204732510288082e+01
2.079631172839506235e+02 0.000000000000000000e+00 3.154994855967078138e+01
2.078328703703703582e+02 0.000000000000000000e+00 3.156610082304526799e+01
2.079632716049382850e+02 0.000000000000000000e+00 3.154146090534979407e+01
2.078216563786008351e+02 0.000000000000000000e+00 3.132911522633744994e+01
2.077195473251028943e+02 0.000000000000000000e+00 3.152268518518518547e+01
2.077843106995884739e+02 0.000000000000000000e+00 3.157736625514403173e+01
2.077285493827160394e+02 0.000000000000000000e+00 3.164238683127571861e+01
